%YAML:1.0
---
camera_matrix: !!opencv-matrix
   rows: 3
   cols: 3
   dt: d
   data: [ 982.45075722923072, 0., 1036.742344369498, 0.,
       987.51667190235230, 569.44939162861921, 0., 0., 1. ]
distortion_coeffs: !!opencv-matrix
   rows: 1
   cols: 5
   dt: d
   data: [ -0.022887155685407199, 0.041816419909876452,
       0.00074324526518525864, 0.0004643365718131034,
       -0.03678297685359066 ]
reprojection_error: 1.7534637048144051
square_size_cm: 3.1500000953674316
