%YAML:1.0
---
camera_matrix: !!opencv-matrix
   rows: 3
   cols: 3
   dt: d
   data: [ 985.36715258357333, 0., 1040.3576901913896, 0.,
       984.3926795601559, 557.6028539304167, 0., 0., 1. ]
distortion_coeffs: !!opencv-matrix
   rows: 1
   cols: 5
   dt: d
   data: [ -0.034295024966507111, 0.071124364215801136,
       0.00087979195594227097, -0.00013289414438858867,
       -0.058171452657250246 ]
reprojection_error: 1.5884368200028374
square_size_cm: 3.1500000953674316
