%YAML:1.0
---
camera_matrix: !!opencv-matrix
   rows: 3
   cols: 3
   dt: d
   data: [ 988.87127819146917, 0., 1036.7423443694981, 0.,
       988.47921180333367, 568.57277357708745, 0., 0., 1. ]
distortion_coeffs: !!opencv-matrix
   rows: 1
   cols: 5
   dt: d
   data: [-0.023332413619190953, 0.04097167223676272,
       0.0006404915269045009, 5.0137519588617416e-05,
       -0.031567852053451487 ]
reprojection_error: 1.6025122264090035
square_size_cm: 3.1500000953674316
