%YAML:1.0
---
camera_matrix: !!opencv-matrix
   rows: 3
   cols: 3
   dt: d
   data: [ 990.66579767608005, 0., 1036.6389972923077, 0.,
       989.67812434356745, 570.4895140750948, 0., 0., 1. ]
distortion_coeffs: !!opencv-matrix
   rows: 1
   cols: 5
   dt: d
   data: [ -0.026706595383460336, 0.046799228053346333,
       0.0008859417130363832, 0.0009909887022488031,
       -0.042006046478222099 ]
reprojection_error: 1.4559021356791353
square_size_cm: 3.1500000953674316
